# oST version 5.0 parameters


[image]

width
752

height
480

[narrow_stereo/left]

camera matrix
359.478477 0.000000 405.367204
0.000000 358.105557 268.211794
0.000000 0.000000 1.000000

distortion
-0.291823 0.064116 -0.002702 0.000878 0.000000

rectification
0.998611 0.023158 -0.047322
-0.023155 0.999732 0.000599
0.047323 0.000498 0.998880

projection
336.790868 0.000000 440.165333 0.000000
0.000000 336.790868 252.377781 0.000000
0.000000 0.000000 1.000000 0.000000

# oST version 5.0 parameters


[image]

width
752

height
480

[narrow_stereo/right]

camera matrix
368.636864 0.000000 372.934118
0.000000 368.086155 254.181814
0.000000 0.000000 1.000000

distortion
-0.268291 0.052788 -0.003211 0.002303 0.000000

rectification
0.994298 0.022145 -0.104309
-0.022150 0.999754 0.001108
0.104308 0.001209 0.994544

projection
336.790868 0.000000 440.165333 -38.670311
0.000000 336.790868 252.377781 0.000000
0.000000 0.000000 1.000000 0.000000

