%YAML:1.0
K1: !!opencv-matrix
   rows: 3
   cols: 3
   dt: d
   data: [368.312003, 0.000000, 405.573109, 0.000000, 367.423962, 263.126752, 0.000000, 0.000000, 1.000000 ]
K2: !!opencv-matrix
   rows: 3
   cols: 3
   dt: d
   data: [360.931149, 0.000000, 373.157125, 0.000000, 359.936725, 243.658364, 0.000000, 0.000000, 1.000000]
D1: !!opencv-matrix
   rows: 1
   cols: 5
   dt: d
   data: [-0.283472, 0.063009, 0.000679, -0.001863, 0.000000]
D2: !!opencv-matrix
   rows: 1
   cols: 5
   dt: d
   data:  [-0.265282, 0.051887, 0.000692, -0.000855, 0.000000]
P1: !!opencv-matrix
   rows: 3
   cols: 4
   dt: d
   data: [340.992231, 0.000000, 375.976597, 0.000000, 0.00, 340.992231, 251.347601, 0.000000, 0.000000, 0.00, 1.000000 , 0.00  ]
P2: !!opencv-matrix
   rows: 3
   cols: 4
   dt: d
   data: [340.9922231, 0.000000, 375.976597, -39.337549, 0.000000, 340.992231,  251.347601, 0.000000, 0.000000, 0.000000, 1.000000, 0.000000]
R1: !!opencv-matrix
   rows: 3
   cols: 3
   dt: d
   data: [0.999048, 0.010163, 0.042415, -0.0103040, 0.999939, 0.003961, -0.042372, -0.004395, 0.999092 ]
R2: !!opencv-matrix
   rows: 3
   cols: 3
   dt: d
   data: [0.999846, 0.006766, -0.016174, -0.006833, 0.999968, -0.004124, 0.016146, 0.004234, 0.999861]
R: !!opencv-matrix
   rows: 3
   cols: 3
   dt: d
   data: [ 9.9942653697036332e-01, -2.9629020698892981e-02,
       -1.6392630412826015e-02, 2.9331318104542686e-02,
       9.9940562799161392e-01, -1.8112551364675371e-02,
       1.6919544251458529e-02, 1.7621347028886541e-02,
       9.9970156404359523e-01 ]
T: [ -9.4052586442980660e-02, -1.2149101400467301e-03,
    -7.2235718228952177e-04 ]
XR: !!opencv-matrix
   rows: 3
   cols: 3
   dt: d
   data: [ -0.0007962732853436516, -0.2675000227968607, 0.9635575706420958,
           -0.9999984502796089, -0.001321509725770019, -0.00119326128710218,
            0.001592547981999815, -0.9635569909380592, -0.2674985457970802 ]
XT: !!opencv-matrix
   rows: 3
   cols: 1
   dt: d
   data: [ 0.0,
           0.0,
           0.28 ]
