%YAML:1.0
K1: !!opencv-matrix
   rows: 3
   cols: 3
   dt: d
   data: [359.478477, 0.000000, 405.367204, 0.000000, 358.105557, 268.211794, 0.000000, 0.000000, 1.000000 ]
K2: !!opencv-matrix
   rows: 3
   cols: 3
   dt: d
   data: [368.636864, 0.000000, 372.934118, 0.000000, 368.086155, 254.181814, 0.000000, 0.000000, 1.000000]
D1: !!opencv-matrix
   rows: 1
   cols: 5
   dt: d
   data: [-0.291823, 0.064116, -0.002702, 0.000878, 0.000000]
D2: !!opencv-matrix
   rows: 1
   cols: 5
   dt: d
   data:  [-0.268291, 0.052788, -0.003211, 0.002303, 0.000000]
R: !!opencv-matrix
   rows: 3
   cols: 3
   dt: d
   data: [ 9.9942653697036332e-01, -2.9629020698892981e-02,
       -1.6392630412826015e-02, 2.9331318104542686e-02,
       9.9940562799161392e-01, -1.8112551364675371e-02,
       1.6919544251458529e-02, 1.7621347028886541e-02,
       9.9970156404359523e-01 ]
T: [ -9.4052586442980660e-02, -1.2149101400467301e-03,
    -7.2235718228952177e-04 ]
XR: !!opencv-matrix
   rows: 3
   cols: 3
   dt: d
   data: [ -0.0007962732853436516, -0.2675000227968607, 0.9635575706420958,
           -0.9999984502796089, -0.001321509725770019, -0.00119326128710218,
            0.001592547981999815, -0.9635569909380592, -0.2674985457970802 ]
XT: !!opencv-matrix
   rows: 3
   cols: 1
   dt: d
   data: [ 0.0,
           0.0,
           0.28 ]
