%YAML:1.0
K1: !!opencv-matrix
   rows: 3
   cols: 3
   dt: d
   data: [92.07800075, 0.000000, 101.39327725, 0.000000, 91.8559905, 65.781688, 0.000000, 0.000000, 1.000000 ]
K2: !!opencv-matrix
   rows: 3
   cols: 3
   dt: d
   data: [90.23278725, 0.000000, 93.28928125, 0.000000, 89.98418125, 60.914591, 0.000000, 0.000000, 1.000000]
D1: !!opencv-matrix
   rows: 1
   cols: 5
   dt: d
   data: [-0.283472, 0.063009, 0.000679, -0.001863, 0.000000]
D2: !!opencv-matrix
   rows: 1
   cols: 5
   dt: d
   data:  [-0.265282, 0.051887, 0.000692, -0.000855, 0.000000]
P1: !!opencv-matrix
   rows: 3
   cols: 4
   dt: d
   data: [85.24805775, 0.000000, 93.99414925, 0.000000, 0.00, 85.24805775, 62.83690025, 0.000000, 0.000000, 0.00, 1.000000 , 0.00  ]
P2: !!opencv-matrix
   rows: 3
   cols: 4
   dt: d
   data: [85.248055775, 0.000000, 93.99414925, -39.337549, 0.000000, 85.24805775,  62.83690025, 0.000000, 0.000000, 0.000000, 1.000000, 0.000000]
R1: !!opencv-matrix
   rows: 3
   cols: 3
   dt: d
   data: [0.999048, 0.010163, 0.042415, -0.0103040, 0.999939, 0.003961, -0.042372, -0.004395, 0.999092 ]
R2: !!opencv-matrix
   rows: 3
   cols: 3
   dt: d
   data: [0.999846, 0.006766, -0.016174, -0.006833, 0.999968, -0.004124, 0.016146, 0.004234, 0.999861]
XR: !!opencv-matrix
   rows: 3
   cols: 3
   dt: d
   data: [ -0.0007962732853436516, -0.2675000227968607, 0.9635575706420958,
           -0.9999984502796089, -0.001321509725770019, -0.00119326128710218,
            0.001592547981999815, -0.9635569909380592, -0.2674985457970802 ]
XT: !!opencv-matrix
   rows: 3
   cols: 1
   dt: d
   data: [ 0.0,
           0.0,
           0.28 ]
